000000
000009
000012
000015
000021
000027
000033
000036
000045
000048
000051
000054
000057
000060
000063
000069
000075
000081
000084
000090
000093
000099
000102
000105
000108
000111
000120
000126
000129
000132
000135
000138
000144
000147
000159
000162
000165
000168
000174
000177
000183
000186
000189
000192
000195
000198
000201
000204
000207
000213
000216
000219
000222
000225
000228
000231
000234
000246
000252
000255
000261
000264
000267
000270
000273
000276
000279
000282
000285
000291
000294
000297
000309
000312
000318
000321
000327
000336
000342
000345
000348
000357
000360
000363
000369
000372
000375
000378
000387
000396
000402
000405
000408
000411
000414
000417
000420
000423
000426
000429
000432
000435
000438
000444
000447
000450
000453
000456
000459
000462
000465
000471
000477
000480
000483
000495
000498
000501
000507
000510
000516
000519
000522
000525
000528
000534
000537
000546
000549
000552
000555
000564
000570
000573
000579
000582
000585
000588
000591
000594
000597
000600
000603
000606
000609
000612
000618
000627
000633
000636
000642
000645
000648
000651
000654
000660
000666
000672
000675
000678
000681
000684
000690
000693
000699
000705
000708
000714
000726
000729
000735
000741
000750
000753
000756
000759
000762
000768
000771
000774
000777
000783
000792
000795
000798
000804
000807
000810
000816
000819
000822
000825
000831
000837
000855
000861
000864
000867
000879
000882
000885
000888
000897
000903
000906
000912
000915
000918
000927
000930
000936
000939
000942
000945
000948
000954
000957
000960
000963
000969
000972
000975
000981
000987
000993
000999
001002
001008
001011
001014
001017
001020
001023
001026
001032
001035
001038
001047
001053
001056
001059
001065
001071
001074
001077
001080
001083
001086
001089
001092
001095
001098
001101
001104
001107
001110
001113
001119
001122
001125
001128
001131
001140
001152
001155
001161
001164
001167
001170
001173
001176
001179
001182
001185
001194
001197
001200
001206
001212
001215
001221
001224
001230
001236
001242
001245
001248
001266
001269
001275
001278
001281
001284
001287
001290
001293
001299
001302
001311
001317
001320
001323
001329
001335
001338
001344
001350
001353
001356
001359
001362
001365
001371
001377
001380
001383
001386
001389
001392
001395
001398
001413
001422
001425
001428
001431
001434
001437
001440
001443
001446
001449
001452
001458
001461
001464
001470
001476
001479
001488
001494
001497
001500
001503
001506
001509
001512
001515
001518
001521
001524
001539
001542
001548
001557
001560
001569
001572
001578
001581
001584
001587
001590
001593
001596
001599
001602
001611
001614
001617
001620
001629
001632
001635
001641
001644
001647
001653
001656
001659
001662
001668
001674
001677
001680
001683
001686
001689
001692
001695
001701
001704
001707
001710
001716
001719
001725
001728
001731
001734
001737
001740
001743
001749
001752
001758
001761
001764
001767
001770
001773
001776
001779
001782
001785
001788
001791
001794
001797
001800
001803
001806
001815
001821
001824
001827
001836
001839
001842
001845
001848
001854
001857
001860
001869
001881
001884
001887
001890
001893
001896
001905
001911
001914
001917
001920
001926
001935
001944
001947
001950
001962
001968
001971
001974
001977
001986
001989
001992
002001
002004
002013
002016
002019
002025
002031
002034
002040
002046
002049
002052
002055
002058
002064
002067
002070
002073
002076
002079
002082
002088
002091
002094
002097
002103
002106
002109
002112
002115
002118
002121
002124
002127
002130
002139
002142
002145
002148
002151
002154
002157
002166
002169
002172
002178
002181
002184
002187
002190
002196
002199
002205
002208
002211
002214
002217
002220
002223
002226
002229
002235
002238
002241
002244
002247
002250
002256
002259
002262
002268
002271
002277
002280
002286
002289
002292
002295
002298
002301
002304
002307
002310
002313
002316
002319
002322
002325
002328
002340
002343
002349
002358
002367
002370
002376
002379
002382
002391
002394
002397
002400
002403
002406
002409
002412
002415
002418
002424
002427
002433
002439
002454
002457
002460
002463
002466
002475
002478
002481
002484
002487
002490
002493
002496
002502
002505
002511
002514
002517
002520
002523
002526
002529
002532
002535
002538
002544
002547
002550
002556
002559
002562
002565
002568
002571
002577
002583
002589
002595
002607
002613
002616
002622
002634
002637
002640
002646
002649
002655
002661
002664
002667
002670
002679
002682
002691
002700
002703
002712
002715
002718
002724
002727
002730
002736
002745
002748
002751
002757
002763
002766
002769
002775
002778
002781
002784
002787
002790
002802
002805
002808
002817
002820
002823
002829
002835
002838
002847
002850
002853
002862
002865
002871
002874
002883
002892
002895
002898
002901
002910
002913
002916
002919
002925
002928
002934
002943
002949
002955
002961
002967
002970
002973
002976
002979
002991
003003
003012
003018
003021
003027
003039
003042
003051
003057
003063
003075
003078
003081
003090
003093
003096
003105
003108
003111
003114
003117
003120
003123
003126
003132
003135
003138
003141
003144
003150
003153
003156
003159
003162
003165
003168
003171
003177
003180
003186
003189
003192
003198
003201
003210
003213
003219
003222
003225
003231
003237
003240
003246
003267
003270
003273
003282
003285
003291
003294
003300
003303
003306
003309
003312
003321
003324
003330
003333
003339
003342
003348
003354
003357
003360
003363
003366
003375
003381
003384
003387
003390
003402
003408
003411
003432
003438
003441
003444
003447
003450
003453
003456
003459
003465
003468
003471
003480
003483
003489
003495
003498
003507
003513
003516
003519
003522
003528
003531
003534
003537
003543
003549
003552
003558
003561
003564
003567
003570
003573
003579
003582
003585
003591
003594
003597
003603
003609
003612
003618
003621
003624
003627
003630
003636
003642
003648
003654
003657
003660
003663
003675
003681
003687
003693
003699
003702
003711
003720
003723
003726
003729
003735
003738
003741
003744
003747
003753
003756
003759
003768
003771
003774
003780
003783
003789
003792
003795
003801
003804
003807
003810
003816
003819
003825
003834
003837
003840
003843
003846
003849
003861
003867
003870
003873
003879
003882
003888
003891
003894
003900
003903
003906
003909
003912
003915
003918
003921
003924
003930
003933
003936
003939
003942
003945
003948
003951
003954
003963
003966
003969
003972
003975
003978
003987
003990
003996
003999
004002
004005
004011
004017
004023
004026
004029
004035
004038
004041
004044
004047
004050
004053
004071
004074
004077
004083
004086
004089
004092
004095
004101
004104
004107
004110
004113
004119
004122
004137
004140
004143
004149
004155
004158
004161
004164
004170
004173
004176
004188
004194
004197
004200
004203
004206
004209
004215
004218
004221
004227
004233
004236
004239
004242
004248
004251
004254
004257
004260
004263
004269
004272
004275
004278
004281
004284
004290
004293
004302
004305
004308
004311
004317
004326
004329
004332
004335
004338
004341
004347
004350
004356
004362
004368
004371
004374
004377
004380
004383
004386
004389
004392
004398
004401
004404
004407
004413
004416
004419
004422
004425
004428
004431
004437
004440
004452
004455
004461
004464
004467
004470
004476
004485
004488
004491
004494
004497
004500
004503
004506
004509
004515
004518
004521
004524
004527
004542
004545
004554
004557
004560
004563
004566
004569
004572
004575
004578
004581
004584
004590
004596
004599
004602
004605
004608
004614
004617
004620
004623
004626
004629
004632
004635
004638
004641
004644
004647
004653
004659
004665
004671
004677
004680
004683
004686
004692
004695
004701
004707
004710
004713
004719
004722
004725
004734
004737
004740
004743
004746
004749
004752
004755
004758
004761
004764
004767
004770
004773
004779
004782
004788
004794
004800
004803
004806
004809
004812
004815
004818
004821
004824
004827
004830
004833
004836
004842
004845
004848
004851
004854
004857
004866
004869
004875
004878
004881
004884
004887
004890
004893
004899
004914
004917
004920
004932
004935
004938
004941
004950
004953
004956
004962
004965
004971
004974
004977
004980
004983
004986
004995
004998
005004
005010
005013
005022
005025
005028
005031
005034
005037
005040
005043
005046
005052
005055
005061
005067
005070
005073
005076
005079
005082
005085
005088
005094
005100
005103
005106
005115
005118
005121
005124
005127
005130
005133
005136
005139
005142
005145
005157
005163
005169
005172
005175
005181
005190
005205
005208
005211
005214
005217
005220
005229
005232
005235
005238
005244
005247
005250
005256
005259
005271
005274
005277
005283
005286
005289
005292
005301
005304
005307
005310
005313
005316
005319
005322
005328
005331
005334
005343
005346
005364
005367
005370
005373
005376
005379
005385
005388
005391
005397
005400
005406
005409
005415
005418
005421
005424
005430
005442
005448
005451
005454
005457
005460
005466
005469
005472
005475
005481
005484
005487
005490
005493
005496
005499
005502
005508
005514
005520
005523
005526
005532
005541
005544
005550
005553
005556
005559
005562
005565
005568
005580
005583
005592
005598
005601
005604
005610
005613
005619
005622
005625
005628
005634
005640
005646
005652
005658
005661
005664
005667
005670
005676
005685
005688
005691
005694
005697
005700
005703
005715
005718
005721
005727
005730
005733
005739
005745
005748
005754
005757
005760
005763
005769
005775
005784
005787
005793
005796
005799
005802
005805
005820
005823
005826
005829
005835
005841
005844
005847
005853
005862
005865
005871
005874
005877
005883
005886
005889
005892
005895
005898
005901
005904
005907
005910
005916
005919
005922
005925
005928
005931
005934
005937
005943
005946
005955
005958
005961
005973
005976
005982
005985
005988
005994
006000
006006
006009
006012
006015
006018
006024
006027
006033
006036
006039
006045
006048
006051
006054
006057
006060
006066
006069
006075
006078
006081
006084
006087
006090
006093
006096
006099
006102
006105
006108
006111
006114
006117
006120
006123
006126
006129
006135
006138
006141
006144
006147
006153
006156
006159
006162
006165
006168
006171
006174
006180
006183
006186
006189
006192
006195
006198
006204
006213
006219
006222
006225
006228
006234
006243
006246
006249
006252
006255
006264
006270
006273
006276
006285
006288
006291
006294
006297
006300
006303
006306
006309
006312
006318
006321
006324
006327
006330
006336
006339
006342
006345
006351
006354
006360
006366
006369
006372
006375
006378
006381
006384
006390
006393
006396
006399
006402
006408
006414
006417
006420
006426
006429
006432
006435
006438
006441
006444
006447
006450
006453
006456
006459
006462
006465
006468
006471
006474
006477
006486
006489
006492
006495
006504
006507
006510
006513
006519
006522
006528
006531
006534
006537
006540
006549
006552
006555
006558
006564
006567
006570
006573
006576
006579
006582
006585
006591
006594
006600
006603
006609
006618
006630
006633
006639
006645
006648
006651
006654
006657
006663
006669
006672
006678
006681
006684
006687
006690
006711
006714
006717
006720
006723
006729
006738
006741
006744
006747
006750
006756
006759
006765
006768
006771
006774
006786
006792
006795
006801
006807
006816
006819
006822
006831
006834
006837
006840
006846
006852
006855
006858
006861
006864
006870
006873
006876
006882
006885
006900
006903
006906
006909
006912
006915
006921
006924
006927
006930
006933
006936
006939
006942
006948
006951
006954
006957
006960
006963
006966
006972
006975
006981
006984
006987
006990
006996
007002
007005
007008
007011
007020
007023
007026
007029
007032
007038
007041
007044
007053
007056
007059
007062
007065
007074
007077
007086
007089
007095
007098
007101
007104
007110
007119
007122
007128
007131
007137
007140
007143
007146
007152
007158
007161
007164
007179
007185
007191
007194
007197
007200
007203
007206
007209
007212
007215
007218
007221
007224
007233
007236
007242
007245
007248
007251
007257
007260
007263
007266
007269
007272
007275
007278
007281
007284
007287
007290
007293
007296
007302
007308
007314
007317
007323
007329
007332
007335
007338
007341
007344
007347
007350
007353
007362
007365
007368
007371
007374
007377
007383
007386
007392
007401
007404
007407
007410
007413
007425
007428
007437
007440
007443
007446
007449
007458
007464
007467
007470
007473
007479
007488
007491
007494
007500
007503
007506
007509
007512
007518
007521
007524
007527
007530
007536
007539
007542
007545
007548
007551
007554
007557
007560
007563
007566
007575
007578
007581
007584
007587
007590
007593
007596
007602
007605
007611
007614
007620
007623
007626
007635
007638
007641
007644
007647
007650
007653
007656
007659
007662
007665
007668
007671
007680
007686
007692
007695
007698
007701
007707
007713
007716
007719
007725
007728
007731
007734
007737
007740
007743
007746
007755
007761
007764
007767
007773
007779
007782
007785
007788
007791
007794
007797
007803
007806
007812
007815
007821
007824
007830
007833
007836
007842
007854
007860
007866
007869
007881
007884
007887
007890
007893
007896
007905
007911
007914
007917
007920
007923
007926
007929
007932
007935
007941
007944
007947
007950
007956
007959
007965
007968
007971
007974
007977
007980
007989
007992
007995
007998
008001
008004
008007
008010
008013
008019
008022
008025
008028
008031
008034
008037
008040
008043
008049
008055
008058
008064
008067
008070
008073
008076
008082
008085
008091
008094
008100
008106
008109
008112
008115
008118
008127
008130
008133
008136
008142
008154
008157
008160
008163
008172
008178
008181
008184
008187
008190
008193
008196
008205
008208
008211
008217
008220
008223
008226
008229
008232
008238
008244
008253
008256
008259
008262
008265
008268
008271
008274
008277
008280
008286
008289
008292
008295
008298
008307
008310
008319
008322
008325
008328
008331
008334
008337
008340
008343
008346
008349
008352
008358
008361
008370
008373
008376
008382
008385
008388
008391
008394
008400
008406
008409
008412
008421
008424
008427
008433
008436
008439
008445
008448
008451
008454
008457
008460
008463
008466
008469
008472
008475
008478
008481
008484
008487
008496
008499
008502
008505
008508
008511
008514
008520
008523
008529
008532
008538
008544
008547
008553
008556
008559
008562
008574
008580
008583
008589
008592
008598
008601
008610
008613
008616
008619
008622
008625
008628
008631
008634
008640
008643
008652
008658
008661
008664
008667
